0 1000 287.000000
0 1001 122.000000
0 1002 45.000000
0 1003 45.000000
0 1004 42.000000
0 1005 42.000000
0 1006 42.000000
0 1007 45.000000
0 1008 45.000000
0 1009 45.000000
0 1010 45.000000
0 1011 45.000000
0 1012 43.000000
0 1013 45.000000
0 1014 45.000000
0 1015 42.000000
0 1016 45.000000
0 1017 45.000000
0 1018 45.000000
0 1019 45.000000
1 1000 43.000000
1 1001 45.000000
1 1002 42.000000
1 1003 45.000000
1 1004 42.000000
1 1005 42.000000
1 1006 42.000000
1 1007 45.000000
1 1008 45.000000
1 1009 42.000000
1 1010 45.000000
1 1011 45.000000
1 1012 45.000000
1 1013 45.000000
1 1014 45.000000
1 1015 45.000000
1 1016 45.000000
1 1017 45.000000
1 1018 43.000000
1 1019 42.000000
2 1000 45.000000
2 1001 43.000000
2 1002 42.000000
2 1003 45.000000
2 1004 42.000000
2 1005 42.000000
2 1006 45.000000
2 1007 45.000000
2 1008 45.000000
2 1009 43.000000
2 1010 45.000000
2 1011 45.000000
2 1012 43.000000
2 1013 45.000000
2 1014 45.000000
2 1015 45.000000
2 1016 45.000000
2 1017 45.000000
2 1018 45.000000
2 1019 42.000000
3 1000 43.000000
3 1001 45.000000
3 1002 45.000000
3 1003 43.000000
3 1004 45.000000
3 1005 45.000000
3 1006 42.000000
3 1007 43.000000
3 1008 45.000000
3 1009 42.000000
3 1010 43.000000
3 1011 42.000000
3 1012 43.000000
3 1013 45.000000
3 1014 42.000000
3 1015 42.000000
3 1016 45.000000
3 1017 43.000000
3 1018 42.000000
3 1019 42.000000
4 1000 45.000000
4 1001 45.000000
4 1002 42.000000
4 1003 45.000000
4 1004 42.000000
4 1005 45.000000
4 1006 45.000000
4 1007 45.000000
4 1008 45.000000
4 1009 43.000000
4 1010 45.000000
4 1011 43.000000
4 1012 45.000000
4 1013 45.000000
4 1014 45.000000
4 1015 45.000000
4 1016 45.000000
4 1017 42.000000
4 1018 43.000000
4 1019 45.000000
5 1000 45.000000
5 1001 45.000000
5 1002 42.000000
5 1003 45.000000
5 1004 45.000000
5 1005 45.000000
5 1006 45.000000
5 1007 45.000000
5 1008 45.000000
5 1009 43.000000
5 1010 42.000000
5 1011 45.000000
5 1012 45.000000
5 1013 42.000000
5 1014 45.000000
5 1015 45.000000
5 1016 42.000000
5 1017 42.000000
5 1018 45.000000
5 1019 45.000000
6 1000 43.000000
6 1001 42.000000
6 1002 42.000000
6 1003 45.000000
6 1004 45.000000
6 1005 42.000000
6 1006 45.000000
6 1007 45.000000
6 1008 42.000000
6 1009 42.000000
6 1010 45.000000
6 1011 43.000000
6 1012 45.000000
6 1013 45.000000
6 1014 42.000000
6 1015 45.000000
6 1016 43.000000
6 1017 45.000000
6 1018 45.000000
6 1019 42.000000
7 1000 42.000000
7 1001 45.000000
7 1002 43.000000
7 1003 43.000000
7 1004 45.000000
7 1005 42.000000
7 1006 45.000000
7 1007 42.000000
7 1008 43.000000
7 1009 42.000000
7 1010 42.000000
7 1011 45.000000
7 1012 45.000000
7 1013 45.000000
7 1014 45.000000
7 1015 45.000000
7 1016 43.000000
7 1017 42.000000
7 1018 45.000000
7 1019 45.000000
8 1000 45.000000
8 1001 45.000000
8 1002 42.000000
8 1003 45.000000
8 1004 42.000000
8 1005 45.000000
8 1006 45.000000
8 1007 45.000000
8 1008 45.000000
8 1009 42.000000
8 1010 45.000000
8 1011 45.000000
8 1012 43.000000
8 1013 43.000000
8 1014 42.000000
8 1015 43.000000
8 1016 45.000000
8 1017 45.000000
8 1018 42.000000
8 1019 43.000000
9 1000 45.000000
9 1001 45.000000
9 1002 45.000000
9 1003 43.000000
9 1004 43.000000
9 1005 43.000000
9 1006 45.000000
9 1007 43.000000
9 1008 45.000000
9 1009 45.000000
9 1010 45.000000
9 1011 43.000000
9 1012 42.000000
9 1013 45.000000
9 1014 43.000000
9 1015 45.000000
9 1016 45.000000
9 1017 45.000000
9 1018 45.000000
9 1019 42.000000
10 1000 43.000000
10 1001 45.000000
10 1002 45.000000
10 1003 45.000000
10 1004 45.000000
10 1005 45.000000
10 1006 45.000000
10 1007 42.000000
10 1008 45.000000
10 1009 43.000000
10 1010 42.000000
10 1011 45.000000
10 1012 45.000000
10 1013 42.000000
10 1014 43.000000
10 1015 43.000000
10 1016 42.000000
10 1017 45.000000
10 1018 42.000000
10 1019 45.000000
11 1000 42.000000
11 1001 45.000000
11 1002 45.000000
11 1003 45.000000
11 1004 45.000000
11 1005 45.000000
11 1006 45.000000
11 1007 45.000000
11 1008 45.000000
11 1009 45.000000
11 1010 45.000000
11 1011 45.000000
11 1012 43.000000
11 1013 43.000000
11 1014 42.000000
11 1015 42.000000
11 1016 45.000000
11 1017 43.000000
11 1018 42.000000
11 1019 95.000000
12 1000 43.000000
12 1001 45.000000
12 1002 45.000000
12 1003 43.000000
12 1004 45.000000
12 1005 45.000000
12 1006 43.000000
12 1007 45.000000
12 1008 42.000000
12 1009 45.000000
12 1010 42.000000
12 1011 45.000000
12 1012 45.000000
12 1013 42.000000
12 1014 45.000000
12 1015 43.000000
12 1016 45.000000
12 1017 42.000000
12 1018 42.000000
12 1019 45.000000
13 1000 43.000000
13 1001 43.000000
13 1002 43.000000
13 1003 42.000000
13 1004 45.000000
13 1005 43.000000
13 1006 45.000000
13 1007 42.000000
13 1008 42.000000
13 1009 45.000000
13 1010 45.000000
13 1011 42.000000
13 1012 43.000000
13 1013 43.000000
13 1014 45.000000
13 1015 45.000000
13 1016 43.000000
13 1017 43.000000
13 1018 42.000000
13 1019 45.000000
14 1000 43.000000
14 1001 45.000000
14 1002 45.000000
14 1003 42.000000
14 1004 45.000000
14 1005 43.000000
14 1006 43.000000
14 1007 43.000000
14 1008 42.000000
14 1009 45.000000
14 1010 43.000000
14 1011 45.000000
14 1012 42.000000
14 1013 45.000000
14 1014 45.000000
14 1015 45.000000
14 1016 42.000000
14 1017 42.000000
14 1018 45.000000
14 1019 45.000000
15 1000 42.000000
15 1001 42.000000
15 1002 45.000000
15 1003 43.000000
15 1004 45.000000
15 1005 45.000000
15 1006 42.000000
15 1007 43.000000
15 1008 45.000000
15 1009 45.000000
15 1010 45.000000
15 1011 42.000000
15 1012 45.000000
15 1013 45.000000
15 1014 45.000000
15 1015 45.000000
15 1016 43.000000
15 1017 45.000000
15 1018 45.000000
15 1019 43.000000
16 1000 45.000000
16 1001 42.000000
16 1002 45.000000
16 1003 45.000000
16 1004 45.000000
16 1005 45.000000
16 1006 45.000000
16 1007 45.000000
16 1008 43.000000
16 1009 43.000000
16 1010 45.000000
16 1011 42.000000
16 1012 45.000000
16 1013 42.000000
16 1014 45.000000
16 1015 42.000000
16 1016 45.000000
16 1017 42.000000
16 1018 42.000000
16 1019 45.000000
17 1000 43.000000
17 1001 45.000000
17 1002 42.000000
17 1003 45.000000
17 1004 45.000000
17 1005 43.000000
17 1006 42.000000
17 1007 43.000000
17 1008 42.000000
17 1009 42.000000
17 1010 42.000000
17 1011 45.000000
17 1012 45.000000
17 1013 45.000000
17 1014 45.000000
17 1015 45.000000
17 1016 45.000000
17 1017 43.000000
17 1018 42.000000
17 1019 42.000000
18 1000 43.000000
18 1001 42.000000
18 1002 45.000000
18 1003 45.000000
18 1004 43.000000
18 1005 45.000000
18 1006 45.000000
18 1007 45.000000
18 1008 42.000000
18 1009 45.000000
18 1010 45.000000
18 1011 43.000000
18 1012 42.000000
18 1013 43.000000
18 1014 42.000000
18 1015 45.000000
18 1016 45.000000
18 1017 45.000000
18 1018 40.000000
18 1019 43.000000
19 1000 43.000000
19 1001 45.000000
19 1002 45.000000
19 1003 45.000000
19 1004 45.000000
19 1005 45.000000
19 1006 42.000000
19 1007 45.000000
19 1008 45.000000
19 1009 42.000000
19 1010 45.000000
19 1011 43.000000
19 1012 45.000000
19 1013 43.000000
19 1014 45.000000
19 1015 42.000000
19 1016 42.000000
19 1017 43.000000
19 1018 43.000000
19 1019 45.000000
