0 22200 310.000000
0 22201 92.000000
0 22202 45.000000
0 22203 42.000000
0 22204 45.000000
0 22205 45.000000
0 22206 43.000000
0 22207 43.000000
0 22208 42.000000
0 22209 42.000000
0 22210 43.000000
0 22211 45.000000
0 22212 42.000000
0 22213 45.000000
0 22214 45.000000
0 22215 45.000000
0 22216 43.000000
0 22217 45.000000
0 22218 45.000000
0 22219 42.000000
1 22200 42.000000
1 22201 42.000000
1 22202 45.000000
1 22203 45.000000
1 22204 45.000000
1 22205 45.000000
1 22206 45.000000
1 22207 45.000000
1 22208 42.000000
1 22209 45.000000
1 22210 45.000000
1 22211 42.000000
1 22212 45.000000
1 22213 45.000000
1 22214 45.000000
1 22215 45.000000
1 22216 45.000000
1 22217 42.000000
1 22218 45.000000
1 22219 45.000000
2 22200 45.000000
2 22201 45.000000
2 22202 42.000000
2 22203 42.000000
2 22204 42.000000
2 22205 45.000000
2 22206 43.000000
2 22207 43.000000
2 22208 43.000000
2 22209 45.000000
2 22210 45.000000
2 22211 42.000000
2 22212 42.000000
2 22213 45.000000
2 22214 45.000000
2 22215 42.000000
2 22216 45.000000
2 22217 45.000000
2 22218 45.000000
2 22219 45.000000
3 22200 45.000000
3 22201 42.000000
3 22202 45.000000
3 22203 45.000000
3 22204 45.000000
3 22205 45.000000
3 22206 43.000000
3 22207 45.000000
3 22208 45.000000
3 22209 43.000000
3 22210 43.000000
3 22211 42.000000
3 22212 45.000000
3 22213 45.000000
3 22214 42.000000
3 22215 45.000000
3 22216 45.000000
3 22217 45.000000
3 22218 45.000000
3 22219 45.000000
4 22200 45.000000
4 22201 42.000000
4 22202 45.000000
4 22203 45.000000
4 22204 45.000000
4 22205 45.000000
4 22206 43.000000
4 22207 43.000000
4 22208 42.000000
4 22209 45.000000
4 22210 45.000000
4 22211 45.000000
4 22212 43.000000
4 22213 45.000000
4 22214 45.000000
4 22215 42.000000
4 22216 45.000000
4 22217 43.000000
4 22218 45.000000
4 22219 42.000000
5 22200 42.000000
5 22201 45.000000
5 22202 45.000000
5 22203 45.000000
5 22204 43.000000
5 22205 42.000000
5 22206 45.000000
5 22207 45.000000
5 22208 45.000000
5 22209 43.000000
5 22210 45.000000
5 22211 43.000000
5 22212 45.000000
5 22213 43.000000
5 22214 43.000000
5 22215 45.000000
5 22216 43.000000
5 22217 45.000000
5 22218 45.000000
5 22219 43.000000
6 22200 42.000000
6 22201 45.000000
6 22202 42.000000
6 22203 45.000000
6 22204 42.000000
6 22205 45.000000
6 22206 43.000000
6 22207 42.000000
6 22208 45.000000
6 22209 43.000000
6 22210 43.000000
6 22211 45.000000
6 22212 42.000000
6 22213 45.000000
6 22214 42.000000
6 22215 45.000000
6 22216 45.000000
6 22217 42.000000
6 22218 45.000000
6 22219 45.000000
7 22200 45.000000
7 22201 45.000000
7 22202 42.000000
7 22203 45.000000
7 22204 43.000000
7 22205 45.000000
7 22206 45.000000
7 22207 45.000000
7 22208 42.000000
7 22209 43.000000
7 22210 45.000000
7 22211 45.000000
7 22212 42.000000
7 22213 45.000000
7 22214 43.000000
7 22215 43.000000
7 22216 45.000000
7 22217 45.000000
7 22218 45.000000
7 22219 42.000000
8 22200 43.000000
8 22201 45.000000
8 22202 42.000000
8 22203 45.000000
8 22204 45.000000
8 22205 45.000000
8 22206 45.000000
8 22207 45.000000
8 22208 45.000000
8 22209 45.000000
8 22210 45.000000
8 22211 45.000000
8 22212 45.000000
8 22213 42.000000
8 22214 45.000000
8 22215 45.000000
8 22216 45.000000
8 22217 45.000000
8 22218 45.000000
8 22219 45.000000
9 22200 45.000000
9 22201 45.000000
9 22202 45.000000
9 22203 43.000000
9 22204 45.000000
9 22205 45.000000
9 22206 45.000000
9 22207 45.000000
9 22208 45.000000
9 22209 45.000000
9 22210 43.000000
9 22211 42.000000
9 22212 45.000000
9 22213 45.000000
9 22214 45.000000
9 22215 42.000000
9 22216 45.000000
9 22217 42.000000
9 22218 45.000000
9 22219 45.000000
10 22200 45.000000
10 22201 45.000000
10 22202 45.000000
10 22203 43.000000
10 22204 45.000000
10 22205 45.000000
10 22206 45.000000
10 22207 42.000000
10 22208 45.000000
10 22209 43.000000
10 22210 45.000000
10 22211 45.000000
10 22212 45.000000
10 22213 42.000000
10 22214 45.000000
10 22215 43.000000
10 22216 42.000000
10 22217 43.000000
10 22218 45.000000
10 22219 45.000000
11 22200 42.000000
11 22201 45.000000
11 22202 42.000000
11 22203 45.000000
11 22204 42.000000
11 22205 45.000000
11 22206 42.000000
11 22207 85.000000
11 22208 45.000000
11 22209 45.000000
11 22210 42.000000
11 22211 45.000000
11 22212 45.000000
11 22213 42.000000
11 22214 45.000000
11 22215 45.000000
11 22216 42.000000
11 22217 45.000000
11 22218 45.000000
11 22219 45.000000
12 22200 43.000000
12 22201 42.000000
12 22202 43.000000
12 22203 45.000000
12 22204 42.000000
12 22205 43.000000
12 22206 45.000000
12 22207 43.000000
12 22208 45.000000
12 22209 42.000000
12 22210 42.000000
12 22211 45.000000
12 22212 43.000000
12 22213 43.000000
12 22214 45.000000
12 22215 45.000000
12 22216 45.000000
12 22217 43.000000
12 22218 45.000000
12 22219 42.000000
13 22200 45.000000
13 22201 45.000000
13 22202 43.000000
13 22203 45.000000
13 22204 43.000000
13 22205 45.000000
13 22206 42.000000
13 22207 42.000000
13 22208 45.000000
13 22209 45.000000
13 22210 45.000000
13 22211 43.000000
13 22212 42.000000
13 22213 45.000000
13 22214 45.000000
13 22215 45.000000
13 22216 42.000000
13 22217 45.000000
13 22218 45.000000
13 22219 45.000000
14 22200 45.000000
14 22201 45.000000
14 22202 42.000000
14 22203 42.000000
14 22204 45.000000
14 22205 45.000000
14 22206 45.000000
14 22207 42.000000
14 22208 45.000000
14 22209 45.000000
14 22210 45.000000
14 22211 45.000000
14 22212 45.000000
14 22213 45.000000
14 22214 45.000000
14 22215 42.000000
14 22216 42.000000
14 22217 45.000000
14 22218 42.000000
14 22219 43.000000
15 22200 45.000000
15 22201 42.000000
15 22202 45.000000
15 22203 45.000000
15 22204 42.000000
15 22205 45.000000
15 22206 45.000000
15 22207 45.000000
15 22208 45.000000
15 22209 43.000000
15 22210 45.000000
15 22211 45.000000
15 22212 42.000000
15 22213 45.000000
15 22214 45.000000
15 22215 43.000000
15 22216 45.000000
15 22217 42.000000
15 22218 45.000000
15 22219 45.000000
16 22200 45.000000
16 22201 45.000000
16 22202 43.000000
16 22203 43.000000
16 22204 45.000000
16 22205 45.000000
16 22206 45.000000
16 22207 43.000000
16 22208 43.000000
16 22209 45.000000
16 22210 42.000000
16 22211 45.000000
16 22212 43.000000
16 22213 42.000000
16 22214 45.000000
16 22215 45.000000
16 22216 45.000000
16 22217 45.000000
16 22218 42.000000
16 22219 43.000000
17 22200 42.000000
17 22201 42.000000
17 22202 42.000000
17 22203 42.000000
17 22204 45.000000
17 22205 45.000000
17 22206 45.000000
17 22207 43.000000
17 22208 42.000000
17 22209 43.000000
17 22210 42.000000
17 22211 42.000000
17 22212 43.000000
17 22213 42.000000
17 22214 45.000000
17 22215 45.000000
17 22216 45.000000
17 22217 43.000000
17 22218 45.000000
17 22219 42.000000
18 22200 45.000000
18 22201 45.000000
18 22202 45.000000
18 22203 45.000000
18 22204 45.000000
18 22205 42.000000
18 22206 42.000000
18 22207 45.000000
18 22208 45.000000
18 22209 45.000000
18 22210 45.000000
18 22211 42.000000
18 22212 42.000000
18 22213 45.000000
18 22214 45.000000
18 22215 43.000000
18 22216 45.000000
18 22217 45.000000
18 22218 43.000000
18 22219 45.000000
19 22200 45.000000
19 22201 45.000000
19 22202 45.000000
19 22203 45.000000
19 22204 45.000000
19 22205 45.000000
19 22206 45.000000
19 22207 45.000000
19 22208 45.000000
19 22209 43.000000
19 22210 42.000000
19 22211 42.000000
19 22212 43.000000
19 22213 42.000000
19 22214 42.000000
19 22215 45.000000
19 22216 45.000000
19 22217 43.000000
19 22218 43.000000
19 22219 42.000000
