0 0 307.000000
0 1 72.000000
0 2 45.000000
0 3 42.000000
0 4 45.000000
0 5 43.000000
0 6 45.000000
0 7 45.000000
0 8 42.000000
0 9 45.000000
0 10 45.000000
0 11 45.000000
0 12 45.000000
0 13 45.000000
0 14 42.000000
0 15 42.000000
0 16 42.000000
0 17 43.000000
0 18 45.000000
0 19 43.000000
1 0 45.000000
1 1 42.000000
1 2 45.000000
1 3 43.000000
1 4 42.000000
1 5 45.000000
1 6 43.000000
1 7 43.000000
1 8 43.000000
1 9 45.000000
1 10 42.000000
1 11 45.000000
1 12 45.000000
1 13 42.000000
1 14 45.000000
1 15 45.000000
1 16 45.000000
1 17 45.000000
1 18 45.000000
1 19 45.000000
2 0 45.000000
2 1 43.000000
2 2 45.000000
2 3 43.000000
2 4 43.000000
2 5 45.000000
2 6 42.000000
2 7 45.000000
2 8 43.000000
2 9 45.000000
2 10 42.000000
2 11 42.000000
2 12 45.000000
2 13 43.000000
2 14 45.000000
2 15 43.000000
2 16 42.000000
2 17 45.000000
2 18 43.000000
2 19 42.000000
3 0 43.000000
3 1 42.000000
3 2 45.000000
3 3 42.000000
3 4 45.000000
3 5 42.000000
3 6 45.000000
3 7 45.000000
3 8 45.000000
3 9 45.000000
3 10 45.000000
3 11 45.000000
3 12 42.000000
3 13 43.000000
3 14 43.000000
3 15 45.000000
3 16 43.000000
3 17 45.000000
3 18 45.000000
3 19 45.000000
4 0 45.000000
4 1 45.000000
4 2 45.000000
4 3 45.000000
4 4 42.000000
4 5 45.000000
4 6 43.000000
4 7 45.000000
4 8 43.000000
4 9 43.000000
4 10 45.000000
4 11 45.000000
4 12 45.000000
4 13 45.000000
4 14 45.000000
4 15 45.000000
4 16 45.000000
4 17 45.000000
4 18 43.000000
4 19 45.000000
5 0 45.000000
5 1 45.000000
5 2 45.000000
5 3 45.000000
5 4 42.000000
5 5 45.000000
5 6 45.000000
5 7 45.000000
5 8 43.000000
5 9 45.000000
5 10 45.000000
5 11 45.000000
5 12 45.000000
5 13 43.000000
5 14 45.000000
5 15 45.000000
5 16 45.000000
5 17 45.000000
5 18 45.000000
5 19 42.000000
6 0 42.000000
6 1 45.000000
6 2 45.000000
6 3 42.000000
6 4 45.000000
6 5 43.000000
6 6 45.000000
6 7 42.000000
6 8 45.000000
6 9 45.000000
6 10 45.000000
6 11 45.000000
6 12 45.000000
6 13 44.000000
6 14 42.000000
6 15 45.000000
6 16 45.000000
6 17 43.000000
6 18 43.000000
6 19 43.000000
7 0 42.000000
7 1 43.000000
7 2 42.000000
7 3 45.000000
7 4 42.000000
7 5 45.000000
7 6 42.000000
7 7 45.000000
7 8 45.000000
7 9 45.000000
7 10 45.000000
7 11 45.000000
7 12 43.000000
7 13 43.000000
7 14 45.000000
7 15 43.000000
7 16 44.000000
7 17 45.000000
7 18 42.000000
7 19 45.000000
8 0 45.000000
8 1 42.000000
8 2 42.000000
8 3 45.000000
8 4 42.000000
8 5 42.000000
8 6 45.000000
8 7 45.000000
8 8 43.000000
8 9 42.000000
8 10 43.000000
8 11 42.000000
8 12 42.000000
8 13 45.000000
8 14 45.000000
8 15 45.000000
8 16 43.000000
8 17 42.000000
8 18 45.000000
8 19 45.000000
9 0 45.000000
9 1 43.000000
9 2 45.000000
9 3 45.000000
9 4 42.000000
9 5 43.000000
9 6 45.000000
9 7 45.000000
9 8 45.000000
9 9 45.000000
9 10 43.000000
9 11 43.000000
9 12 45.000000
9 13 43.000000
9 14 42.000000
9 15 45.000000
9 16 42.000000
9 17 45.000000
9 18 45.000000
9 19 45.000000
10 0 42.000000
10 1 43.000000
10 2 45.000000
10 3 45.000000
10 4 45.000000
10 5 42.000000
10 6 43.000000
10 7 45.000000
10 8 45.000000
10 9 45.000000
10 10 43.000000
10 11 43.000000
10 12 45.000000
10 13 42.000000
10 14 43.000000
10 15 45.000000
10 16 42.000000
10 17 45.000000
10 18 42.000000
10 19 45.000000
11 0 42.000000
11 1 42.000000
11 2 42.000000
11 3 45.000000
11 4 45.000000
11 5 45.000000
11 6 43.000000
11 7 43.000000
11 8 42.000000
11 9 43.000000
11 10 45.000000
11 11 43.000000
11 12 43.000000
11 13 43.000000
11 14 44.000000
11 15 42.000000
11 16 45.000000
11 17 43.000000
11 18 43.000000
11 19 45.000000
12 0 45.000000
12 1 45.000000
12 2 42.000000
12 3 43.000000
12 4 40.000000
12 5 45.000000
12 6 43.000000
12 7 42.000000
12 8 45.000000
12 9 42.000000
12 10 42.000000
12 11 45.000000
12 12 45.000000
12 13 42.000000
12 14 45.000000
12 15 45.000000
12 16 42.000000
12 17 45.000000
12 18 45.000000
12 19 45.000000
13 0 45.000000
13 1 42.000000
13 2 45.000000
13 3 45.000000
13 4 45.000000
13 5 45.000000
13 6 45.000000
13 7 43.000000
13 8 45.000000
13 9 43.000000
13 10 45.000000
13 11 42.000000
13 12 42.000000
13 13 42.000000
13 14 43.000000
13 15 45.000000
13 16 42.000000
13 17 43.000000
13 18 88.000000
13 19 45.000000
14 0 42.000000
14 1 42.000000
14 2 45.000000
14 3 45.000000
14 4 45.000000
14 5 45.000000
14 6 45.000000
14 7 43.000000
14 8 45.000000
14 9 42.000000
14 10 42.000000
14 11 42.000000
14 12 43.000000
14 13 43.000000
14 14 42.000000
14 15 45.000000
14 16 42.000000
14 17 42.000000
14 18 43.000000
14 19 45.000000
15 0 45.000000
15 1 43.000000
15 2 45.000000
15 3 45.000000
15 4 45.000000
15 5 45.000000
15 6 43.000000
15 7 43.000000
15 8 42.000000
15 9 45.000000
15 10 45.000000
15 11 42.000000
15 12 45.000000
15 13 45.000000
15 14 45.000000
15 15 42.000000
15 16 45.000000
15 17 42.000000
15 18 45.000000
15 19 45.000000
16 0 43.000000
16 1 43.000000
16 2 42.000000
16 3 42.000000
16 4 42.000000
16 5 45.000000
16 6 45.000000
16 7 45.000000
16 8 45.000000
16 9 45.000000
16 10 45.000000
16 11 43.000000
16 12 43.000000
16 13 42.000000
16 14 45.000000
16 15 43.000000
16 16 42.000000
16 17 43.000000
16 18 45.000000
16 19 42.000000
17 0 45.000000
17 1 42.000000
17 2 42.000000
17 3 42.000000
17 4 42.000000
17 5 42.000000
17 6 45.000000
17 7 45.000000
17 8 45.000000
17 9 43.000000
17 10 42.000000
17 11 42.000000
17 12 43.000000
17 13 45.000000
17 14 45.000000
17 15 45.000000
17 16 43.000000
17 17 45.000000
17 18 45.000000
17 19 45.000000
18 0 45.000000
18 1 44.000000
18 2 45.000000
18 3 42.000000
18 4 45.000000
18 5 42.000000
18 6 45.000000
18 7 45.000000
18 8 45.000000
18 9 45.000000
18 10 45.000000
18 11 45.000000
18 12 42.000000
18 13 45.000000
18 14 45.000000
18 15 45.000000
18 16 45.000000
18 17 45.000000
18 18 45.000000
18 19 45.000000
19 0 45.000000
19 1 45.000000
19 2 43.000000
19 3 42.000000
19 4 43.000000
19 5 45.000000
19 6 45.000000
19 7 43.000000
19 8 43.000000
19 9 45.000000
19 10 45.000000
19 11 42.000000
19 12 45.000000
19 13 42.000000
19 14 45.000000
19 15 45.000000
19 16 42.000000
19 17 45.000000
19 18 42.000000
19 19 45.000000
